

Оптимальный план найден. Количество итераций = 1

X4		1100		0.1	0.2	0.4	1	0	0	

X5		120		0.05	0.02	0.02	0	1	0	

X6		8000		3	1	2	0	0	1	

F(X)		0		-3	-5	-4	0	0	0	



Оптимальный план найден. Количество итераций = 2

X2		5500		0.5	1	2	5	0	0	

X5		10		0.04	0	-0.02	-0.1	1	0	

X6		2500		2.5	0	0	-5	0	1	

F(X)		27500		-0.5	0	6	25	0	0	



Оптимальный план найден. Количество итераций = 3

X2		5375		0	1	2.25	6.25	-12.5	0	

X1		250		1	0	-0.5	-2.5	25	0	

X6		1875		0	0	1.25	1.25	-62.5	1	

F(X)		27625		0	0	5.75	23.75	12.5	0	

